# Class A networks in the Internet, with percental distribution of
# ICMP ECHO responding IPs.
#
# 209 6.28 -> 209.0.0.0/8 has 6.28 percent of all pingable IP addresses
#
# last update: 2001/02/03
#
# based on 150,000 random ICMP ECHO queries send to random addresses
#
209 6.28
216 4.60
6 3.79
207 3.35
210 3.20
24 3.19
152 3.00
195 2.93
208 2.72
206 2.40
212 2.34
128 2.24
63 2.00
194 1.91
203 1.75
148 1.72
129 1.71
193 1.68
167 1.68
131 1.63
204 1.62
170 1.58
157 1.45
172 1.43
199 1.42
130 1.41
133 1.34
202 1.32
171 1.27
155 1.27
205 1.21
137 1.17
211 1.15
132 1.12
168 1.07
198 1.03
160 0.98
158 0.98
144 0.97
200 0.95
146 0.91
134 0.91
163 0.89
142 0.89
165 0.86
159 0.85
139 0.83
166 0.82
161 0.82
164 0.80
64 0.79
62 0.79
151 0.79
162 0.78
140 0.78
192 0.77
147 0.75
150 0.71
143 0.70
141 0.66
12 0.66
38 0.65
213 0.59
138 0.53
196 0.35
4 0.33
169 0.33
149 0.31
136 0.27
156 0.24
153 0.23
145 0.11
61 0.08
32 0.07
55 0.05
154 0.05
35 0.04
18 0.04
135 0.03
9 0.01
57 0.01
47 0.01
33 0.01
20 0.01
44 0.00
36 0.00
15 0.00
